image: d206.pgm
resolution: 0.050000
origin: [-6.416642, -7.015867, 0.000000]
negate: 0
occupied_thresh: 0.65
free_thresh: 0.196

